out_shape (np.int32(79), np.int32(80), np.int32(96))
vox2vox
 [[-1.22222231e+00  0.00000000e+00  0.00000000e+00  7.86111148e+01]
 [ 0.00000000e+00  0.00000000e+00 -1.00000002e+00  7.99999988e+01]
 [ 0.00000000e+00  1.33333345e+00  0.00000000e+00 -5.75913327e-06]
 [ 0.00000000e+00  0.00000000e+00  0.00000000e+00  1.00000000e+00]]
inv_vox2vox
 [[-8.18181761e-01 -0.00000000e+00 -0.00000000e+00  6.43181804e+01]
 [ 0.00000000e+00  0.00000000e+00  7.49999934e-01  4.31934958e-06]
 [-0.00000000e+00 -9.99999979e-01 -0.00000000e+00  7.99999971e+01]
 [ 0.00000000e+00  0.00000000e+00  0.00000000e+00  1.00000000e+00]]
manual input idx from out idx [63.4999986  56.99999934 41.99999793  1.        ]
affine_transform sample 0.0
map_image sample 0.0
